rect, 150, 125, 130, 50, 0, 255, 255,  #Spelling out the letter E
rect, 150, 225, 130, 50, 0, 255, 255
rect, 150, 325, 130, 50, 0, 255, 255
rect, 150, 125, 50, 250, 0, 255, 255, #Long vertical rect
rect, 355, 125, 50, 250, 0, 255, 255, #Spelling out the letter N
parallel, 405, 125, 405, 225, 455, 375, 455, 275, 0, 255, 255
rect, 455, 125, 50, 250, 0, 255, 255
rect, 580, 125, 50, 250, 0, 255, 255, #Spelling out the letter P
circle, 630, 175, 50, 0, 255, 255
rect, 705, 125, 50, 250, 0, 255, 255, #Spelling out the letter M
parallel, 755, 125, 755, 225, 805, 375, 805, 275, 0, 255, 255
rect, 805, 275, 50, 100, 0, 255, 255
parallel, 905, 125, 905, 225, 855, 375, 855, 275, 0, 255, 255
rect, 905, 125, 50, 250, 0, 255, 255
rect, 1530, 125, 50, 250, 0, 255, 255, #Drawing the 1
circle, 1100, 290, 85, 0, 255, 255, #Drawing 6
rect, 1015, 125, 50, 165, 0, 255, 255
rect, 1015, 125, 125, 50, 0, 255, 255
circle, 1345, 290, 85, 0, 255, 255, #Drawing 6
rect, 1260, 125, 50, 165, 0, 255, 255
rect, 1260, 125, 125, 50, 0, 255, 255
