5 7
6 7
4 7
5 6
5 8
6 6
6 8
4 6
4 8
7 7
7 6
7 8
3 7
3 6
3 8
5 5
6 5
4 5
5 9
6 9
4 9
7 5
7 9
3 5
3 9
8 7
8 6
8 8
8 5
8 9
2 7
2 6
2 8
2 5
2 9
5 4
6 4
4 4
7 4
3 4
5 10
6 10
4 10
7 10
3 10
8 4
8 10
2 4
2 10
9 7
9 6
9 8
9 5
9 9
9 4
9 10
5 3
6 3
4 3
7 3
3 3
8 3
2 3
5 11
6 11
4 11
7 11
3 11
8 11
2 11
9 3
9 11
10 7
10 6
10 8
10 5
10 9
10 4
10 10
10 3
10 11
5 2
6 2
4 2
7 2
3 2
8 2
2 2
9 2
5 12
6 12
4 12
7 12
3 12
8 12
2 12
9 12
10 2
10 12
11 7
11 6
11 8
11 5
11 9
11 4
11 10
11 3
11 11
11 2
11 12
5 13
6 13
4 13
7 13
3 13
8 13
2 13
9 13
12 7
12 6
12 8
12 5
12 9
12 4
12 10
12 3
12 11
12 2
12 12
5 14
6 14
4 14
7 14
3 14
8 14
2 14
9 14
13 7
13 6
13 8
13 5
13 9
13 4
13 10
13 3
13 11
13 2
13 12
5 15
6 15
4 15
7 15
3 15
8 15
2 15
9 15
14 7
14 6
14 8
14 5
14 9
14 4
14 10
14 3
14 11
14 2
14 12
5 16
6 16
4 16
7 16
3 16
8 16
2 16
9 16
15 7
15 6
15 8
15 5
15 9
15 4
15 10
15 3
15 11
15 2
15 12
5 17
6 17
4 17
7 17
3 17
8 17
2 17
9 17
16 7
16 6
16 8
16 5
16 9
16 4
16 10
16 3
16 11
16 2
16 12
5 18
6 18
4 18
7 18
3 18
8 18
2 18
9 18
17 7
17 6
17 8
17 5
17 9
17 4
17 10
17 3
17 11
17 2
17 12
5 19
6 19
4 19
7 19
3 19
8 19
2 19
9 19
18 7
18 6
18 8
18 5
18 9
18 4
18 10
18 3
18 11
18 2
18 12
5 20
6 20
4 20
7 20
3 20
8 20
2 20
9 20
19 7
19 6
19 8
19 5
19 9
19 4
19 10
19 3
19 11
19 2
19 12
5 21
6 21
4 21
7 21
3 21
8 21
2 21
9 21
20 7
20 6
20 8
20 5
20 9
20 4
20 10
20 3
20 11
20 2
20 12
5 22
6 22
4 22
7 22
3 22
8 22
2 22
9 22
21 7
21 6
21 8
21 5
21 9
21 4
21 10
21 3
21 11
21 2
21 12
5 23
6 23
4 23
7 23
3 23
8 23
2 23
9 23
22 7
22 6
22 8
22 5
22 9
22 4
22 10
22 3
22 11
22 2
22 12
5 24
6 24
4 24
7 24
3 24
8 24
2 24
9 24
23 7
23 6
23 8
23 5
23 9
23 4
23 10
23 3
23 11
23 2
23 12
5 25
6 25
4 25
7 25
3 25
8 25
2 25
9 25
24 7
24 6
24 8
24 5
24 9
24 4
24 10
24 3
24 11
24 2
24 12
5 26
6 26
4 26
7 26
3 26
8 26
2 26
9 26
25 7
25 6
25 8
25 5
25 9
25 4
25 10
25 3
25 11
25 2
25 12
5 27
6 27
4 27
7 27
3 27
8 27
2 27
9 27
26 7
26 6
26 8
26 5
26 9
26 4
26 10
26 3
26 11
26 2
26 12
5 28
6 28
4 28
7 28
3 28
8 28
2 28
9 28
27 7
27 6
27 8
27 5
27 9
27 4
27 10
27 3
27 11
27 2
27 12
5 29
6 29
4 29
7 29
3 29
8 29
2 29
9 29
28 7
28 6
28 8
28 5
28 9
28 4
28 10
28 3
28 11
28 2
28 12
5 30
6 30
4 30
7 30
3 30
8 30
2 30
9 30
10 30
29 7
29 6
29 8
29 5
29 9
29 4
29 10
29 3
29 11
29 2
29 12
5 31
6 31
4 31
7 31
3 31
8 31
2 31
9 31
10 31
11 30
11 31
30 7
30 6
30 8
30 5
30 9
30 4
30 10
30 3
30 11
30 2
30 12
5 32
6 32
4 32
7 32
3 32
8 32
2 32
9 32
10 32
11 32
12 30
12 31
12 32
31 7
31 6
31 8
31 5
31 9
31 4
31 10
31 3
31 11
31 2
31 12
5 33
6 33
4 33
7 33
3 33
8 33
2 33
9 33
10 33
11 33
12 33
13 30
13 31
13 32
13 33
32 7
32 6
32 8
32 5
32 9
32 4
32 10
32 3
32 11
32 2
32 12
5 34
6 34
4 34
7 34
3 34
8 34
2 34
9 34
14 30
14 31
14 32
14 33
33 7
33 6
33 8
33 5
33 9
33 4
33 10
33 3
33 11
33 2
33 12
5 35
6 35
4 35
7 35
3 35
8 35
2 35
9 35
15 30
15 31
15 32
15 33
34 7
34 6
34 8
34 5
34 9
34 4
34 10
34 3
34 11
34 2
34 12
5 36
6 36
4 36
7 36
3 36
8 36
2 36
9 36
16 30
16 31
16 32
16 33
35 7
35 6
35 8
35 5
35 9
35 4
35 10
35 3
35 11
35 2
35 12
5 37
6 37
4 37
7 37
3 37
8 37
2 37
9 37
17 30
17 31
17 32
17 33
36 7
36 6
36 8
36 5
36 9
36 4
36 10
36 3
36 11
36 2
36 12
5 38
6 38
4 38
7 38
3 38
8 38
2 38
9 38
18 30
18 31
18 32
18 33
37 7
37 6
37 8
37 5
37 9
37 4
37 10
37 3
37 11
37 2
37 12
5 39
6 39
4 39
7 39
3 39
8 39
2 39
9 39
19 30
19 29
19 31
19 32
19 33
38 7
38 6
38 8
38 5
38 9
38 4
38 10
38 3
38 11
38 2
38 12
5 40
6 40
4 40
7 40
3 40
8 40
2 40
9 40
20 30
20 31
19 28
20 32
20 33
39 7
39 6
39 8
39 5
39 9
39 4
39 10
39 3
39 11
39 2
39 12
39 13
5 41
6 41
4 41
7 41
3 41
8 41
2 41
9 41
21 30
21 31
21 32
19 27
21 33
40 7
40 6
40 8
40 5
40 9
40 4
40 10
40 3
40 11
40 2
40 12
40 13
39 14
40 14
5 42
6 42
4 42
7 42
3 42
8 42
2 42
9 42
22 30
22 31
22 32
22 33
19 26
41 7
41 6
41 8
41 5
41 9
41 4
41 10
41 3
41 11
41 2
41 12
41 13
41 14
39 15
40 15
41 15
5 43
6 43
4 43
7 43
3 43
8 43
2 43
9 43
10 43
23 30
23 31
23 32
23 33
19 25
42 7
42 6
42 8
42 5
42 9
42 4
42 10
42 3
42 11
42 2
42 12
42 13
42 14
42 15
39 16
40 16
41 16
42 16
5 44
6 44
4 44
7 44
3 44
8 44
2 44
9 44
11 43
24 30
24 31
24 32
24 33
19 24
43 7
43 6
43 8
43 5
43 9
43 4
43 10
43 3
43 11
43 2
43 12
43 13
43 14
43 15
43 16
39 17
40 17
41 17
42 17
43 17
5 45
6 45
4 45
7 45
3 45
8 45
2 45
9 45
25 30
25 31
25 32
25 33
19 23
44 7
44 6
44 8
44 5
44 9
44 4
44 10
44 3
44 11
44 2
44 12
44 13
44 14
44 15
44 16
44 17
39 18
40 18
41 18
42 18
43 18
44 18
5 46
6 46
4 46
7 46
3 46
8 46
2 46
9 46
26 30
26 31
26 32
26 33
19 22
45 7
45 6
45 8
45 5
45 9
45 4
45 10
45 3
45 11
45 2
45 12
45 13
45 14
45 15
45 16
45 17
45 18
39 19
40 19
41 19
42 19
43 19
44 19
45 19
5 47
6 47
4 47
7 47
3 47
8 47
2 47
9 47
27 30
27 31
27 32
27 33
46 7
46 6
46 8
46 5
46 9
46 4
46 10
46 3
46 11
46 2
46 12
46 13
46 14
46 15
46 16
46 17
46 18
46 19
39 20
40 20
41 20
42 20
43 20
44 20
45 20
46 20
5 48
6 48
4 48
7 48
3 48
8 48
2 48
9 48
28 30
28 31
28 32
28 33
47 7
47 6
47 8
47 5
47 9
47 4
47 10
47 3
47 11
47 2
47 12
47 13
47 14
47 15
47 16
47 17
47 18
47 19
47 20
39 21
40 21
41 21
42 21
43 21
44 21
45 21
46 21
47 21
5 49
6 49
4 49
7 49
3 49
8 49
2 49
9 49
29 30
29 29
29 31
29 32
29 33
39 22
40 22
41 22
42 22
43 22
44 22
45 22
46 22
47 22
5 50
6 50
4 50
7 50
3 50
8 50
2 50
9 50
30 30
30 31
29 28
30 32
30 33
39 23
40 23
41 23
42 23
43 23
44 23
45 23
46 23
47 23
5 51
6 51
4 51
7 51
3 51
8 51
2 51
9 51
31 30
31 31
31 32
29 27
31 33
39 24
40 24
41 24
42 24
43 24
44 24
45 24
46 24
47 24
5 52
6 52
4 52
7 52
3 52
8 52
2 52
9 52
32 30
32 31
32 32
32 33
29 26
39 25
40 25
41 25
42 25
43 25
44 25
45 25
46 25
47 25
5 53
6 53
4 53
7 53
3 53
8 53
2 53
9 53
10 53
33 30
33 31
33 32
33 33
29 25
39 26
40 26
41 26
42 26
43 26
44 26
45 26
46 26
47 26
5 54
6 54
4 54
7 54
3 54
8 54
2 54
9 54
10 54
11 53
11 54
34 30
34 31
34 32
34 33
29 24
39 27
40 27
41 27
42 27
43 27
44 27
45 27
46 27
47 27
5 55
6 55
4 55
7 55
3 55
8 55
2 55
9 55
10 55
11 55
12 53
12 54
12 55
35 30
35 31
35 32
35 33
29 23
39 28
40 28
41 28
42 28
43 28
44 28
45 28
46 28
47 28
5 56
6 56
4 56
7 56
3 56
8 56
2 56
9 56
13 53
13 54
13 55
36 30
36 31
36 32
36 33
29 22
39 29
40 29
41 29
42 29
43 29
44 29
45 29
46 29
47 29
5 57
6 57
4 57
7 57
3 57
8 57
2 57
9 57
14 53
14 54
14 55
37 30
37 31
37 32
37 33
39 30
40 30
38 30
41 30
42 30
43 30
44 30
45 30
46 30
47 30
5 58
6 58
4 58
7 58
3 58
8 58
2 58
9 58
15 53
15 54
15 55
38 31
38 32
38 33
39 31
40 31
41 31
42 31
43 31
44 31
45 31
46 31
47 31
5 59
6 59
4 59
7 59
3 59
8 59
2 59
9 59
16 53
16 54
16 55
39 32
39 33
39 34
40 32
41 32
42 32
43 32
44 32
45 32
46 32
47 32
5 60
6 60
4 60
7 60
3 60
8 60
2 60
9 60
17 53
17 54
17 55
40 33
40 34
39 35
40 35
41 33
42 33
43 33
44 33
45 33
46 33
47 33
5 61
6 61
4 61
7 61
3 61
8 61
2 61
9 61
18 53
18 54
18 55
41 34
41 35
39 36
40 36
41 36
42 34
43 34
44 34
45 34
46 34
47 34
5 62
6 62
4 62
7 62
3 62
8 62
2 62
9 62
19 53
19 54
19 55
42 35
42 36
39 37
40 37
41 37
42 37
43 35
44 35
45 35
46 35
47 35
5 63
6 63
4 63
7 63
3 63
8 63
2 63
9 63
20 53
20 54
20 55
43 36
43 37
39 38
40 38
41 38
42 38
43 38
44 36
45 36
46 36
47 36
5 64
6 64
4 64
7 64
3 64
8 64
2 64
9 64
21 53
21 54
21 55
44 37
44 38
39 39
40 39
41 39
42 39
43 39
44 39
45 37
46 37
47 37
5 65
6 65
4 65
7 65
3 65
8 65
2 65
9 65
10 65
22 53
22 54
22 55
45 38
45 39
39 40
40 40
41 40
42 40
43 40
44 40
45 40
46 38
47 38
5 66
6 66
4 66
7 66
3 66
8 66
2 66
9 66
10 66
11 65
11 66
23 53
23 54
23 55
46 39
46 40
39 41
40 41
41 41
42 41
43 41
44 41
45 41
46 41
47 39
5 67
6 67
4 67
7 67
3 67
8 67
2 67
9 67
10 67
11 67
12 65
12 66
12 67
24 53
24 54
24 55
47 40
47 41
39 42
40 42
41 42
42 42
43 42
44 42
45 42
46 42
47 42
5 68
6 68
4 68
7 68
3 68
8 68
2 68
9 68
10 68
11 68
12 68
13 65
13 66
13 67
13 68
25 53
25 54
25 55
39 43
40 43
38 43
41 43
42 43
43 43
44 43
45 43
46 43
47 43
5 69
6 69
4 69
7 69
3 69
8 69
2 69
9 69
14 65
14 66
14 67
14 68
26 53
26 54
26 55
39 44
40 44
41 44
37 43
42 44
43 44
44 44
45 44
46 44
47 44
5 70
6 70
4 70
7 70
3 70
8 70
2 70
9 70
15 65
15 66
15 67
15 68
27 53
27 54
27 55
39 45
40 45
41 45
42 45
43 45
44 45
45 45
46 45
47 45
5 71
6 71
4 71
7 71
3 71
8 71
2 71
9 71
16 65
16 66
16 67
16 68
28 53
28 54
28 55
39 46
40 46
41 46
42 46
43 46
44 46
45 46
46 46
47 46
5 72
6 72
4 72
7 72
3 72
8 72
2 72
9 72
17 65
17 66
17 67
17 68
29 53
29 54
29 55
39 47
40 47
41 47
42 47
43 47
44 47
45 47
46 47
47 47
5 73
6 73
4 73
7 73
3 73
8 73
2 73
9 73
18 65
18 66
18 67
18 68
30 53
30 54
30 55
39 48
40 48
41 48
42 48
43 48
44 48
45 48
46 48
47 48
5 74
6 74
4 74
7 74
3 74
8 74
2 74
9 74
19 65
19 66
19 67
19 68
31 53
31 54
31 55
39 49
40 49
41 49
42 49
43 49
44 49
45 49
46 49
47 49
5 75
6 75
4 75
7 75
3 75
8 75
2 75
9 75
20 65
20 66
20 67
20 68
32 53
32 54
32 55
39 50
40 50
41 50
42 50
43 50
44 50
45 50
46 50
47 50
5 76
6 76
4 76
7 76
3 76
8 76
2 76
9 76
21 65
21 66
21 67
21 68
33 53
33 54
33 55
39 51
40 51
41 51
42 51
43 51
44 51
45 51
46 51
47 51
5 77
6 77
4 77
7 77
3 77
8 77
2 77
9 77
22 65
22 66
22 67
22 68
34 53
34 54
34 55
39 52
40 52
41 52
42 52
43 52
44 52
45 52
46 52
47 52
5 78
6 78
4 78
7 78
3 78
8 78
2 78
9 78
10 78
23 65
23 66
23 67
23 68
35 53
35 54
35 55
39 53
40 53
38 53
41 53
42 53
43 53
44 53
45 53
46 53
47 53
5 79
6 79
4 79
7 79
3 79
8 79
2 79
9 79
11 78
24 65
24 66
24 67
24 68
36 53
36 54
36 55
39 54
40 54
38 54
41 54
37 53
37 54
42 54
43 54
44 54
45 54
46 54
47 54
5 80
6 80
4 80
7 80
3 80
8 80
2 80
9 80
25 67
25 68
37 55
39 55
40 55
38 55
41 55
42 55
43 55
44 55
45 55
46 55
47 55
5 81
6 81
4 81
7 81
3 81
8 81
2 81
9 81
26 68
39 56
40 56
41 56
42 56
43 56
44 56
45 56
46 56
47 56
5 82
6 82
4 82
7 82
3 82
8 82
2 82
9 82
39 57
40 57
41 57
42 57
43 57
44 57
45 57
46 57
47 57
5 83
6 83
4 83
7 83
3 83
8 83
2 83
9 83
39 58
40 58
41 58
42 58
43 58
44 58
45 58
46 58
47 58
5 84
6 84
4 84
7 84
3 84
8 84
2 84
9 84
39 59
40 59
41 59
42 59
43 59
44 59
45 59
46 59
47 59
5 85
6 85
4 85
7 85
3 85
8 85
2 85
9 85
39 60
40 60
41 60
42 60
43 60
44 60
45 60
46 60
47 60
5 86
6 86
4 86
7 86
3 86
8 86
2 86
9 86
39 61
40 61
41 61
42 61
43 61
44 61
45 61
46 61
47 61
5 87
6 87
4 87
7 87
3 87
8 87
2 87
9 87
39 62
40 62
41 62
42 62
43 62
44 62
45 62
46 62
47 62
5 88
6 88
4 88
7 88
3 88
8 88
2 88
9 88
10 88
39 63
40 63
41 63
42 63
43 63
44 63
45 63
46 63
47 63
5 89
6 89
4 89
7 89
3 89
8 89
2 89
9 89
11 88
39 64
40 64
41 64
42 64
43 64
44 64
45 64
46 64
47 64
5 90
6 90
4 90
7 90
3 90
8 90
2 90
9 90
39 65
40 65
38 65
41 65
42 65
43 65
44 65
45 65
46 65
47 65
5 91
6 91
4 91
7 91
3 91
8 91
2 91
9 91
39 66
40 66
38 66
41 66
42 66
43 66
44 66
45 66
46 66
47 66
5 92
6 92
4 92
7 92
3 92
8 92
2 92
9 92
39 67
40 67
38 67
41 67
37 67
42 67
43 67
44 67
45 67
46 67
47 67
5 93
6 93
4 93
7 93
3 93
8 93
2 93
9 93
39 68
40 68
38 68
41 68
37 68
42 68
36 68
43 68
44 68
45 68
46 68
47 68
5 94
6 94
4 94
7 94
3 94
8 94
2 94
9 94
39 69
40 69
41 69
42 69
43 69
44 69
45 69
46 69
47 69
5 95
6 95
4 95
7 95
3 95
8 95
2 95
9 95
39 70
40 70
41 70
42 70
43 70
44 70
45 70
46 70
47 70
5 96
6 96
4 96
7 96
3 96
8 96
2 96
9 96
39 71
40 71
41 71
42 71
43 71
44 71
45 71
46 71
47 71
5 97
6 97
4 97
7 97
3 97
8 97
2 97
9 97
39 72
40 72
41 72
42 72
43 72
44 72
45 72
46 72
47 72
5 98
6 98
4 98
7 98
3 98
8 98
2 98
9 98
10 98
39 73
40 73
41 73
42 73
43 73
44 73
45 73
46 73
47 73
5 99
6 99
4 99
7 99
3 99
8 99
2 99
9 99
10 99
11 98
11 99
39 74
40 74
41 74
42 74
43 74
44 74
45 74
46 74
47 74
5 100
6 100
4 100
7 100
3 100
8 100
2 100
9 100
10 100
11 100
12 98
12 99
12 100
39 75
40 75
41 75
42 75
43 75
44 75
45 75
46 75
47 75
5 101
6 101
4 101
7 101
3 101
8 101
2 101
9 101
10 101
11 101
12 101
13 98
13 99
13 100
13 101
39 76
40 76
41 76
42 76
43 76
44 76
45 76
46 76
47 76
5 102
6 102
4 102
7 102
3 102
8 102
2 102
9 102
10 102
11 102
12 102
14 98
14 99
14 100
39 77
40 77
41 77
42 77
43 77
44 77
45 77
46 77
47 77
5 103
6 103
4 103
7 103
3 103
8 103
2 103
9 103
10 103
11 103
15 98
15 99
15 100
39 78
40 78
41 78
42 78
43 78
44 78
45 78
46 78
47 78
5 104
6 104
4 104
7 104
3 104
8 104
2 104
9 104
10 104
16 98
16 99
39 79
40 79
38 79
41 79
42 79
43 79
44 79
45 79
46 79
47 79
5 105
6 105
4 105
7 105
3 105
8 105
2 105
9 105
10 105
17 98
17 99
39 80
40 80
38 80
41 80
37 79
37 80
42 80
43 80
44 80
45 80
46 80
47 80
5 106
6 106
4 106
7 106
3 106
8 106
2 106
9 106
18 98
18 99
39 81
40 81
38 81
41 81
37 81
42 81
36 79
36 80
36 81
43 81
44 81
45 81
46 81
47 81
5 107
6 107
4 107
7 107
3 107
8 107
2 107
9 107
19 98
39 82
40 82
38 82
41 82
37 82
42 82
36 82
43 82
35 80
35 81
35 82
44 82
45 82
46 82
47 82
5 108
6 108
4 108
7 108
3 108
8 108
2 108
9 108
20 98
39 83
40 83
38 83
41 83
37 83
42 83
36 83
43 83
35 83
44 83
34 80
34 81
34 82
34 83
45 83
46 83
47 83
5 109
6 109
4 109
7 109
3 109
8 109
2 109
9 109
21 98
39 84
40 84
38 84
41 84
37 84
42 84
36 84
43 84
35 84
44 84
34 84
45 84
33 80
33 81
33 82
33 83
33 84
46 84
47 84
5 110
6 110
4 110
7 110
3 110
8 110
2 110
22 98
39 85
40 85
38 85
41 85
37 85
42 85
36 85
43 85
35 85
44 85
34 85
45 85
33 85
46 85
32 81
32 82
32 83
32 84
32 85
47 85
5 111
6 111
4 111
7 111
3 111
8 111
2 111
9 111
23 98
39 86
40 86
38 86
41 86
37 86
42 86
36 86
43 86
35 86
44 86
34 86
45 86
33 86
46 86
32 86
47 86
31 81
31 82
31 83
31 84
31 85
5 112
6 112
4 112
7 112
3 112
8 112
2 112
9 112
24 98
39 87
40 87
38 87
41 87
37 87
42 87
36 87
43 87
35 87
44 87
34 87
45 87
46 87
47 87
30 81
30 82
30 83
30 84
30 85
