0	None	5 7
1	0	6 7
2	0	4 7
3	0	5 6
4	0	5 8
5	0	6 6
6	0	6 8
7	0	4 6
8	0	4 8
9	1	7 7
10	1	7 6
11	1	7 8
12	2	3 7
13	2	3 6
14	2	3 8
15	3	5 5
16	3	6 5
17	3	4 5
18	4	5 9
19	4	6 9
20	4	4 9
21	5	7 5
22	6	7 9
23	7	3 5
24	8	3 9
25	9	8 7
26	9	8 6
27	9	8 8
28	10	8 5
29	11	8 9
30	12	2 7
31	12	2 6
32	12	2 8
33	13	2 5
34	14	2 9
35	15	5 4
36	15	6 4
37	15	4 4
38	16	7 4
39	17	3 4
40	18	5 10
41	18	6 10
42	18	4 10
43	19	7 10
44	20	3 10
45	21	8 4
46	22	8 10
47	23	2 4
48	24	2 10
49	25	9 7
50	25	9 6
51	25	9 8
52	26	9 5
53	27	9 9
54	28	9 4
55	29	9 10
56	35	5 3
57	35	6 3
58	35	4 3
59	36	7 3
60	37	3 3
61	38	8 3
62	39	2 3
63	40	5 11
64	40	6 11
65	40	4 11
66	41	7 11
67	42	3 11
68	43	8 11
69	44	2 11
70	45	9 3
71	46	9 11
72	49	10 7
73	49	10 6
74	49	10 8
75	50	10 5
76	51	10 9
77	52	10 4
78	53	10 10
79	54	10 3
80	55	10 11
81	56	5 2
82	56	6 2
83	56	4 2
84	57	7 2
85	58	3 2
86	59	8 2
87	60	2 2
88	61	9 2
89	63	5 12
90	63	6 12
91	63	4 12
92	64	7 12
93	65	3 12
94	66	8 12
95	67	2 12
96	68	9 12
97	70	10 2
98	71	10 12
99	72	11 7
100	72	11 6
101	72	11 8
102	73	11 5
103	74	11 9
104	75	11 4
105	76	11 10
106	77	11 3
107	78	11 11
108	79	11 2
109	80	11 12
110	89	5 13
111	89	6 13
112	89	4 13
113	90	7 13
114	91	3 13
115	92	8 13
116	93	2 13
117	94	9 13
118	99	12 7
119	99	12 6
120	99	12 8
121	100	12 5
122	101	12 9
123	102	12 4
124	103	12 10
125	104	12 3
126	105	12 11
127	106	12 2
128	107	12 12
129	110	5 14
130	110	6 14
131	110	4 14
132	111	7 14
133	112	3 14
134	113	8 14
135	114	2 14
136	115	9 14
137	118	13 7
138	118	13 6
139	118	13 8
140	119	13 5
141	120	13 9
142	121	13 4
143	122	13 10
144	123	13 3
145	124	13 11
146	125	13 2
147	126	13 12
148	129	5 15
149	129	6 15
150	129	4 15
151	130	7 15
152	131	3 15
153	132	8 15
154	133	2 15
155	134	9 15
156	137	14 7
157	137	14 6
158	137	14 8
159	138	14 5
160	139	14 9
161	140	14 4
162	141	14 10
163	142	14 3
164	143	14 11
165	144	14 2
166	145	14 12
167	148	5 16
168	148	6 16
169	148	4 16
170	149	7 16
171	150	3 16
172	151	8 16
173	152	2 16
174	153	9 16
175	156	15 7
176	156	15 6
177	156	15 8
178	157	15 5
179	158	15 9
180	159	15 4
181	160	15 10
182	161	15 3
183	162	15 11
184	163	15 2
185	164	15 12
186	167	5 17
187	167	6 17
188	167	4 17
189	168	7 17
190	169	3 17
191	170	8 17
192	171	2 17
193	172	9 17
194	175	16 7
195	175	16 6
196	175	16 8
197	176	16 5
198	177	16 9
199	178	16 4
200	179	16 10
201	180	16 3
202	181	16 11
203	182	16 2
204	183	16 12
205	186	5 18
206	186	6 18
207	186	4 18
208	187	7 18
209	188	3 18
210	189	8 18
211	190	2 18
212	191	9 18
213	194	17 7
214	194	17 6
215	194	17 8
216	195	17 5
217	196	17 9
218	197	17 4
219	198	17 10
220	199	17 3
221	200	17 11
222	201	17 2
223	202	17 12
224	205	5 19
225	205	6 19
226	205	4 19
227	206	7 19
228	207	3 19
229	208	8 19
230	209	2 19
231	210	9 19
232	213	18 7
233	213	18 6
234	213	18 8
235	214	18 5
236	215	18 9
237	216	18 4
238	217	18 10
239	218	18 3
240	219	18 11
241	220	18 2
242	221	18 12
243	224	5 20
244	224	6 20
245	224	4 20
246	225	7 20
247	226	3 20
248	227	8 20
249	228	2 20
250	229	9 20
251	232	19 7
252	232	19 6
253	232	19 8
254	233	19 5
255	234	19 9
256	235	19 4
257	236	19 10
258	237	19 3
259	238	19 11
260	239	19 2
261	240	19 12
262	243	5 21
263	243	6 21
264	243	4 21
265	244	7 21
266	245	3 21
267	246	8 21
268	247	2 21
269	248	9 21
270	251	20 7
271	251	20 6
272	251	20 8
273	252	20 5
274	253	20 9
275	254	20 4
276	255	20 10
277	256	20 3
278	257	20 11
279	258	20 2
280	259	20 12
281	262	5 22
282	262	6 22
283	262	4 22
284	263	7 22
285	264	3 22
286	265	8 22
287	266	2 22
288	267	9 22
289	270	21 7
290	270	21 6
291	270	21 8
292	271	21 5
293	272	21 9
294	273	21 4
295	274	21 10
296	275	21 3
297	276	21 11
298	277	21 2
299	278	21 12
300	281	5 23
301	281	6 23
302	281	4 23
303	282	7 23
304	283	3 23
305	284	8 23
306	285	2 23
307	286	9 23
308	289	22 7
309	289	22 6
310	289	22 8
311	290	22 5
312	291	22 9
313	292	22 4
314	293	22 10
315	294	22 3
316	295	22 11
317	296	22 2
318	297	22 12
319	300	5 24
320	300	6 24
321	300	4 24
322	301	7 24
323	302	3 24
324	303	8 24
325	304	2 24
326	305	9 24
327	308	23 7
328	308	23 6
329	308	23 8
330	309	23 5
331	310	23 9
332	311	23 4
333	312	23 10
334	313	23 3
335	314	23 11
336	315	23 2
337	316	23 12
338	319	5 25
339	319	6 25
340	319	4 25
341	320	7 25
342	321	3 25
343	322	8 25
344	323	2 25
345	324	9 25
346	327	24 7
347	327	24 6
348	327	24 8
349	328	24 5
350	329	24 9
351	330	24 4
352	331	24 10
353	332	24 3
354	333	24 11
355	334	24 2
356	335	24 12
357	338	5 26
358	338	6 26
359	338	4 26
360	339	7 26
361	340	3 26
362	341	8 26
363	342	2 26
364	343	9 26
365	346	25 7
366	346	25 6
367	346	25 8
368	347	25 5
369	348	25 9
370	349	25 4
371	350	25 10
372	351	25 3
373	352	25 11
374	353	25 2
375	354	25 12
376	357	5 27
377	357	6 27
378	357	4 27
379	358	7 27
380	359	3 27
381	360	8 27
382	361	2 27
383	362	9 27
384	365	26 7
385	365	26 6
386	365	26 8
387	366	26 5
388	367	26 9
389	368	26 4
390	369	26 10
391	370	26 3
392	371	26 11
393	372	26 2
394	373	26 12
395	376	5 28
396	376	6 28
397	376	4 28
398	377	7 28
399	378	3 28
400	379	8 28
401	380	2 28
402	381	9 28
403	384	27 7
404	384	27 6
405	384	27 8
406	385	27 5
407	386	27 9
408	387	27 4
409	388	27 10
410	389	27 3
411	390	27 11
412	391	27 2
413	392	27 12
414	395	5 29
415	395	6 29
416	395	4 29
417	396	7 29
418	397	3 29
419	398	8 29
420	399	2 29
421	400	9 29
422	403	28 7
423	403	28 6
424	403	28 8
425	404	28 5
426	405	28 9
427	406	28 4
428	407	28 10
429	408	28 3
430	409	28 11
431	410	28 2
432	411	28 12
433	414	5 30
434	414	6 30
435	414	4 30
436	415	7 30
437	416	3 30
438	417	8 30
439	418	2 30
440	419	9 30
441	421	10 30
442	422	29 7
443	422	29 6
444	422	29 8
445	423	29 5
446	424	29 9
447	425	29 4
448	426	29 10
449	427	29 3
450	428	29 11
451	429	29 2
452	430	29 12
453	433	5 31
454	433	6 31
455	433	4 31
456	434	7 31
457	435	3 31
458	436	8 31
459	437	2 31
460	438	9 31
461	440	10 31
462	441	11 30
463	441	11 31
464	442	30 7
465	442	30 6
466	442	30 8
467	443	30 5
468	444	30 9
469	445	30 4
470	446	30 10
471	447	30 3
472	448	30 11
473	449	30 2
474	450	30 12
475	453	5 32
476	453	6 32
477	453	4 32
478	454	7 32
479	455	3 32
480	456	8 32
481	457	2 32
482	458	9 32
483	460	10 32
484	461	11 32
485	462	12 30
486	462	12 31
487	463	12 32
488	464	31 7
489	464	31 6
490	464	31 8
491	465	31 5
492	466	31 9
493	467	31 4
494	468	31 10
495	469	31 3
496	470	31 11
497	471	31 2
498	472	31 12
499	475	5 33
500	475	6 33
501	475	4 33
502	476	7 33
503	477	3 33
504	478	8 33
505	479	2 33
506	480	9 33
507	482	10 33
508	483	11 33
509	484	12 33
510	485	13 30
511	485	13 31
512	486	13 32
513	487	13 33
514	488	32 7
515	488	32 6
516	488	32 8
517	489	32 5
518	490	32 9
519	491	32 4
520	492	32 10
521	493	32 3
522	494	32 11
523	495	32 2
524	496	32 12
525	499	5 34
526	499	6 34
527	499	4 34
528	500	7 34
529	501	3 34
530	502	8 34
531	503	2 34
532	504	9 34
533	510	14 30
534	510	14 31
535	511	14 32
536	512	14 33
537	514	33 7
538	514	33 6
539	514	33 8
540	515	33 5
541	516	33 9
542	517	33 4
543	518	33 10
544	519	33 3
545	520	33 11
546	521	33 2
547	522	33 12
548	525	5 35
549	525	6 35
550	525	4 35
551	526	7 35
552	527	3 35
553	528	8 35
554	529	2 35
555	530	9 35
556	533	15 30
557	533	15 31
558	534	15 32
559	535	15 33
560	537	34 7
561	537	34 6
562	537	34 8
563	538	34 5
564	539	34 9
565	540	34 4
566	541	34 10
567	542	34 3
568	543	34 11
569	544	34 2
570	545	34 12
571	548	5 36
572	548	6 36
573	548	4 36
574	549	7 36
575	550	3 36
576	551	8 36
577	552	2 36
578	553	9 36
579	556	16 30
580	556	16 31
581	557	16 32
582	558	16 33
583	560	35 7
584	560	35 6
585	560	35 8
586	561	35 5
587	562	35 9
588	563	35 4
589	564	35 10
590	565	35 3
591	566	35 11
592	567	35 2
593	568	35 12
594	571	5 37
595	571	6 37
596	571	4 37
597	572	7 37
598	573	3 37
599	574	8 37
600	575	2 37
601	576	9 37
602	579	17 30
603	579	17 31
604	580	17 32
605	581	17 33
606	583	36 7
607	583	36 6
608	583	36 8
609	584	36 5
610	585	36 9
611	586	36 4
612	587	36 10
613	588	36 3
614	589	36 11
615	590	36 2
616	591	36 12
617	594	5 38
618	594	6 38
619	594	4 38
620	595	7 38
621	596	3 38
622	597	8 38
623	598	2 38
624	599	9 38
625	602	18 30
626	602	18 31
627	603	18 32
628	604	18 33
629	606	37 7
630	606	37 6
631	606	37 8
632	607	37 5
633	608	37 9
634	609	37 4
635	610	37 10
636	611	37 3
637	612	37 11
638	613	37 2
639	614	37 12
640	617	5 39
641	617	6 39
642	617	4 39
643	618	7 39
644	619	3 39
645	620	8 39
646	621	2 39
647	622	9 39
648	625	19 30
649	625	19 29
650	625	19 31
651	626	19 32
652	627	19 33
653	629	38 7
654	629	38 6
655	629	38 8
656	630	38 5
657	631	38 9
658	632	38 4
659	633	38 10
660	634	38 3
661	635	38 11
662	636	38 2
663	637	38 12
664	640	5 40
665	640	6 40
666	640	4 40
667	641	7 40
668	642	3 40
669	643	8 40
670	644	2 40
671	645	9 40
672	648	20 30
673	648	20 31
674	649	19 28
675	650	20 32
676	651	20 33
677	653	39 7
678	653	39 6
679	653	39 8
680	654	39 5
681	655	39 9
682	656	39 4
683	657	39 10
684	658	39 3
685	659	39 11
686	660	39 2
687	661	39 12
688	663	39 13
689	664	5 41
690	664	6 41
691	664	4 41
692	665	7 41
693	666	3 41
694	667	8 41
695	668	2 41
696	669	9 41
697	672	21 30
698	672	21 31
699	673	21 32
700	674	19 27
701	675	21 33
702	677	40 7
703	677	40 6
704	677	40 8
705	678	40 5
706	679	40 9
707	680	40 4
708	681	40 10
709	682	40 3
710	683	40 11
711	684	40 2
712	685	40 12
713	687	40 13
714	688	39 14
715	688	40 14
716	689	5 42
717	689	6 42
718	689	4 42
719	690	7 42
720	691	3 42
721	692	8 42
722	693	2 42
723	694	9 42
724	697	22 30
725	697	22 31
726	698	22 32
727	699	22 33
728	700	19 26
729	702	41 7
730	702	41 6
731	702	41 8
732	703	41 5
733	704	41 9
734	705	41 4
735	706	41 10
736	707	41 3
737	708	41 11
738	709	41 2
739	710	41 12
740	712	41 13
741	713	41 14
742	714	39 15
743	714	40 15
744	715	41 15
745	716	5 43
746	716	6 43
747	716	4 43
748	717	7 43
749	718	3 43
750	719	8 43
751	720	2 43
752	721	9 43
753	723	10 43
754	724	23 30
755	724	23 31
756	725	23 32
757	726	23 33
758	728	19 25
759	729	42 7
760	729	42 6
761	729	42 8
762	730	42 5
763	731	42 9
764	732	42 4
765	733	42 10
766	734	42 3
767	735	42 11
768	736	42 2
769	737	42 12
770	739	42 13
771	740	42 14
772	741	42 15
773	742	39 16
774	742	40 16
775	743	41 16
776	744	42 16
777	745	5 44
778	745	6 44
779	745	4 44
780	746	7 44
781	747	3 44
782	748	8 44
783	749	2 44
784	750	9 44
785	753	11 43
786	754	24 30
787	754	24 31
788	755	24 32
789	756	24 33
790	758	19 24
791	759	43 7
792	759	43 6
793	759	43 8
794	760	43 5
795	761	43 9
796	762	43 4
797	763	43 10
798	764	43 3
799	765	43 11
800	766	43 2
801	767	43 12
802	769	43 13
803	770	43 14
804	771	43 15
805	772	43 16
806	773	39 17
807	773	40 17
808	774	41 17
809	775	42 17
810	776	43 17
811	777	5 45
812	777	6 45
813	777	4 45
814	778	7 45
815	779	3 45
816	780	8 45
817	781	2 45
818	782	9 45
819	786	25 30
820	786	25 31
821	787	25 32
822	788	25 33
823	790	19 23
824	791	44 7
825	791	44 6
826	791	44 8
827	792	44 5
828	793	44 9
829	794	44 4
830	795	44 10
831	796	44 3
832	797	44 11
833	798	44 2
834	799	44 12
835	801	44 13
836	802	44 14
837	803	44 15
838	804	44 16
839	805	44 17
840	806	39 18
841	806	40 18
842	807	41 18
843	808	42 18
844	809	43 18
845	810	44 18
846	811	5 46
847	811	6 46
848	811	4 46
849	812	7 46
850	813	3 46
851	814	8 46
852	815	2 46
853	816	9 46
854	819	26 30
855	819	26 31
856	820	26 32
857	821	26 33
858	823	19 22
859	824	45 7
860	824	45 6
861	824	45 8
862	825	45 5
863	826	45 9
864	827	45 4
865	828	45 10
866	829	45 3
867	830	45 11
868	831	45 2
869	832	45 12
870	834	45 13
871	835	45 14
872	836	45 15
873	837	45 16
874	838	45 17
875	839	45 18
876	840	39 19
877	840	40 19
878	841	41 19
879	842	42 19
880	843	43 19
881	844	44 19
882	845	45 19
883	846	5 47
884	846	6 47
885	846	4 47
886	847	7 47
887	848	3 47
888	849	8 47
889	850	2 47
890	851	9 47
891	854	27 30
892	854	27 31
893	855	27 32
894	856	27 33
895	859	46 7
896	859	46 6
897	859	46 8
898	860	46 5
899	861	46 9
900	862	46 4
901	863	46 10
902	864	46 3
903	865	46 11
904	866	46 2
905	867	46 12
906	869	46 13
907	870	46 14
908	871	46 15
909	872	46 16
910	873	46 17
911	874	46 18
912	875	46 19
913	876	39 20
914	876	40 20
915	877	41 20
916	878	42 20
917	879	43 20
918	880	44 20
919	881	45 20
920	882	46 20
921	883	5 48
922	883	6 48
923	883	4 48
924	884	7 48
925	885	3 48
926	886	8 48
927	887	2 48
928	888	9 48
929	891	28 30
930	891	28 31
931	892	28 32
932	893	28 33
933	895	47 7
934	895	47 6
935	895	47 8
936	896	47 5
937	897	47 9
938	898	47 4
939	899	47 10
940	900	47 3
941	901	47 11
942	902	47 2
943	903	47 12
944	905	47 13
945	906	47 14
946	907	47 15
947	908	47 16
948	909	47 17
949	910	47 18
950	911	47 19
951	912	47 20
952	913	39 21
953	913	40 21
954	914	41 21
955	915	42 21
956	916	43 21
957	917	44 21
958	918	45 21
959	919	46 21
960	920	47 21
961	921	5 49
962	921	6 49
963	921	4 49
964	922	7 49
965	923	3 49
966	924	8 49
967	925	2 49
968	926	9 49
969	929	29 30
970	929	29 29
971	929	29 31
972	930	29 32
973	931	29 33
974	952	39 22
975	952	40 22
976	953	41 22
977	954	42 22
978	955	43 22
979	956	44 22
980	957	45 22
981	958	46 22
982	959	47 22
983	961	5 50
984	961	6 50
985	961	4 50
986	962	7 50
987	963	3 50
988	964	8 50
989	965	2 50
990	966	9 50
991	969	30 30
992	969	30 31
993	970	29 28
994	971	30 32
995	972	30 33
996	974	39 23
997	974	40 23
998	975	41 23
999	976	42 23
1000	977	43 23
1001	978	44 23
1002	979	45 23
1003	980	46 23
1004	981	47 23
1005	983	5 51
1006	983	6 51
1007	983	4 51
1008	984	7 51
1009	985	3 51
1010	986	8 51
1011	987	2 51
1012	988	9 51
1013	991	31 30
1014	991	31 31
1015	992	31 32
1016	993	29 27
1017	994	31 33
1018	996	39 24
1019	996	40 24
1020	997	41 24
1021	998	42 24
1022	999	43 24
1023	1000	44 24
1024	1001	45 24
1025	1002	46 24
1026	1003	47 24
1027	1005	5 52
1028	1005	6 52
1029	1005	4 52
1030	1006	7 52
1031	1007	3 52
1032	1008	8 52
1033	1009	2 52
1034	1010	9 52
1035	1013	32 30
1036	1013	32 31
1037	1014	32 32
1038	1015	32 33
1039	1016	29 26
1040	1018	39 25
1041	1018	40 25
1042	1019	41 25
1043	1020	42 25
1044	1021	43 25
1045	1022	44 25
1046	1023	45 25
1047	1024	46 25
1048	1025	47 25
1049	1027	5 53
1050	1027	6 53
1051	1027	4 53
1052	1028	7 53
1053	1029	3 53
1054	1030	8 53
1055	1031	2 53
1056	1032	9 53
1057	1034	10 53
1058	1035	33 30
1059	1035	33 31
1060	1036	33 32
1061	1037	33 33
1062	1039	29 25
1063	1040	39 26
1064	1040	40 26
1065	1041	41 26
1066	1042	42 26
1067	1043	43 26
1068	1044	44 26
1069	1045	45 26
1070	1046	46 26
1071	1047	47 26
1072	1049	5 54
1073	1049	6 54
1074	1049	4 54
1075	1050	7 54
1076	1051	3 54
1077	1052	8 54
1078	1053	2 54
1079	1054	9 54
1080	1056	10 54
1081	1057	11 53
1082	1057	11 54
1083	1058	34 30
1084	1058	34 31
1085	1059	34 32
1086	1060	34 33
1087	1062	29 24
1088	1063	39 27
1089	1063	40 27
1090	1064	41 27
1091	1065	42 27
1092	1066	43 27
1093	1067	44 27
1094	1068	45 27
1095	1069	46 27
1096	1070	47 27
1097	1072	5 55
1098	1072	6 55
1099	1072	4 55
1100	1073	7 55
1101	1074	3 55
1102	1075	8 55
1103	1076	2 55
1104	1077	9 55
1105	1079	10 55
1106	1080	11 55
1107	1081	12 53
1108	1081	12 54
1109	1082	12 55
1110	1083	35 30
1111	1083	35 31
1112	1084	35 32
1113	1085	35 33
1114	1087	29 23
1115	1088	39 28
1116	1088	40 28
1117	1089	41 28
1118	1090	42 28
1119	1091	43 28
1120	1092	44 28
1121	1093	45 28
1122	1094	46 28
1123	1095	47 28
1124	1097	5 56
1125	1097	6 56
1126	1097	4 56
1127	1098	7 56
1128	1099	3 56
1129	1100	8 56
1130	1101	2 56
1131	1102	9 56
1132	1107	13 53
1133	1107	13 54
1134	1108	13 55
1135	1110	36 30
1136	1110	36 31
1137	1111	36 32
1138	1112	36 33
1139	1114	29 22
1140	1115	39 29
1141	1115	40 29
1142	1116	41 29
1143	1117	42 29
1144	1118	43 29
1145	1119	44 29
1146	1120	45 29
1147	1121	46 29
1148	1122	47 29
1149	1124	5 57
1150	1124	6 57
1151	1124	4 57
1152	1125	7 57
1153	1126	3 57
1154	1127	8 57
1155	1128	2 57
1156	1129	9 57
1157	1132	14 53
1158	1132	14 54
1159	1133	14 55
1160	1135	37 30
1161	1135	37 31
1162	1136	37 32
1163	1137	37 33
1164	1140	39 30
1165	1140	40 30
1166	1140	38 30
1167	1141	41 30
1168	1142	42 30
1169	1143	43 30
1170	1144	44 30
1171	1145	45 30
1172	1146	46 30
1173	1147	47 30
1174	1149	5 58
1175	1149	6 58
1176	1149	4 58
1177	1150	7 58
1178	1151	3 58
1179	1152	8 58
1180	1153	2 58
1181	1154	9 58
1182	1157	15 53
1183	1157	15 54
1184	1158	15 55
1185	1160	38 31
1186	1161	38 32
1187	1162	38 33
1188	1164	39 31
1189	1164	40 31
1190	1165	41 31
1191	1167	42 31
1192	1168	43 31
1193	1169	44 31
1194	1170	45 31
1195	1171	46 31
1196	1172	47 31
1197	1174	5 59
1198	1174	6 59
1199	1174	4 59
1200	1175	7 59
1201	1176	3 59
1202	1177	8 59
1203	1178	2 59
1204	1179	9 59
1205	1182	16 53
1206	1182	16 54
1207	1183	16 55
1208	1185	39 32
1209	1186	39 33
1210	1187	39 34
1211	1188	40 32
1212	1189	41 32
1213	1190	42 32
1214	1191	43 32
1215	1192	44 32
1216	1193	45 32
1217	1194	46 32
1218	1195	47 32
1219	1197	5 60
1220	1197	6 60
1221	1197	4 60
1222	1198	7 60
1223	1199	3 60
1224	1200	8 60
1225	1201	2 60
1226	1202	9 60
1227	1205	17 53
1228	1205	17 54
1229	1206	17 55
1230	1208	40 33
1231	1209	40 34
1232	1210	39 35
1233	1210	40 35
1234	1211	41 33
1235	1212	42 33
1236	1213	43 33
1237	1214	44 33
1238	1215	45 33
1239	1216	46 33
1240	1217	47 33
1241	1219	5 61
1242	1219	6 61
1243	1219	4 61
1244	1220	7 61
1245	1221	3 61
1246	1222	8 61
1247	1223	2 61
1248	1224	9 61
1249	1227	18 53
1250	1227	18 54
1251	1228	18 55
1252	1230	41 34
1253	1231	41 35
1254	1232	39 36
1255	1232	40 36
1256	1233	41 36
1257	1234	42 34
1258	1235	43 34
1259	1236	44 34
1260	1237	45 34
1261	1238	46 34
1262	1239	47 34
1263	1241	5 62
1264	1241	6 62
1265	1241	4 62
1266	1242	7 62
1267	1243	3 62
1268	1244	8 62
1269	1245	2 62
1270	1246	9 62
1271	1249	19 53
1272	1249	19 54
1273	1250	19 55
1274	1252	42 35
1275	1253	42 36
1276	1254	39 37
1277	1254	40 37
1278	1255	41 37
1279	1256	42 37
1280	1257	43 35
1281	1258	44 35
1282	1259	45 35
1283	1260	46 35
1284	1261	47 35
1285	1263	5 63
1286	1263	6 63
1287	1263	4 63
1288	1264	7 63
1289	1265	3 63
1290	1266	8 63
1291	1267	2 63
1292	1268	9 63
1293	1271	20 53
1294	1271	20 54
1295	1272	20 55
1296	1274	43 36
1297	1275	43 37
1298	1276	39 38
1299	1276	40 38
1300	1277	41 38
1301	1278	42 38
1302	1279	43 38
1303	1280	44 36
1304	1281	45 36
1305	1282	46 36
1306	1283	47 36
1307	1285	5 64
1308	1285	6 64
1309	1285	4 64
1310	1286	7 64
1311	1287	3 64
1312	1288	8 64
1313	1289	2 64
1314	1290	9 64
1315	1293	21 53
1316	1293	21 54
1317	1294	21 55
1318	1296	44 37
1319	1297	44 38
1320	1298	39 39
1321	1298	40 39
1322	1299	41 39
1323	1300	42 39
1324	1301	43 39
1325	1302	44 39
1326	1303	45 37
1327	1304	46 37
1328	1305	47 37
1329	1307	5 65
1330	1307	6 65
1331	1307	4 65
1332	1308	7 65
1333	1309	3 65
1334	1310	8 65
1335	1311	2 65
1336	1312	9 65
1337	1314	10 65
1338	1315	22 53
1339	1315	22 54
1340	1316	22 55
1341	1318	45 38
1342	1319	45 39
1343	1320	39 40
1344	1320	40 40
1345	1321	41 40
1346	1322	42 40
1347	1323	43 40
1348	1324	44 40
1349	1325	45 40
1350	1326	46 38
1351	1327	47 38
1352	1329	5 66
1353	1329	6 66
1354	1329	4 66
1355	1330	7 66
1356	1331	3 66
1357	1332	8 66
1358	1333	2 66
1359	1334	9 66
1360	1336	10 66
1361	1337	11 65
1362	1337	11 66
1363	1338	23 53
1364	1338	23 54
1365	1339	23 55
1366	1341	46 39
1367	1342	46 40
1368	1343	39 41
1369	1343	40 41
1370	1344	41 41
1371	1345	42 41
1372	1346	43 41
1373	1347	44 41
1374	1348	45 41
1375	1349	46 41
1376	1350	47 39
1377	1352	5 67
1378	1352	6 67
1379	1352	4 67
1380	1353	7 67
1381	1354	3 67
1382	1355	8 67
1383	1356	2 67
1384	1357	9 67
1385	1359	10 67
1386	1360	11 67
1387	1361	12 65
1388	1361	12 66
1389	1362	12 67
1390	1363	24 53
1391	1363	24 54
1392	1364	24 55
1393	1366	47 40
1394	1367	47 41
1395	1368	39 42
1396	1368	40 42
1397	1369	41 42
1398	1370	42 42
1399	1371	43 42
1400	1372	44 42
1401	1373	45 42
1402	1374	46 42
1403	1375	47 42
1404	1377	5 68
1405	1377	6 68
1406	1377	4 68
1407	1378	7 68
1408	1379	3 68
1409	1380	8 68
1410	1381	2 68
1411	1382	9 68
1412	1384	10 68
1413	1385	11 68
1414	1386	12 68
1415	1387	13 65
1416	1387	13 66
1417	1388	13 67
1418	1389	13 68
1419	1390	25 53
1420	1390	25 54
1421	1391	25 55
1422	1395	39 43
1423	1395	40 43
1424	1395	38 43
1425	1396	41 43
1426	1397	42 43
1427	1398	43 43
1428	1399	44 43
1429	1400	45 43
1430	1401	46 43
1431	1402	47 43
1432	1404	5 69
1433	1404	6 69
1434	1404	4 69
1435	1405	7 69
1436	1406	3 69
1437	1407	8 69
1438	1408	2 69
1439	1409	9 69
1440	1415	14 65
1441	1415	14 66
1442	1416	14 67
1443	1417	14 68
1444	1419	26 53
1445	1419	26 54
1446	1420	26 55
1447	1422	39 44
1448	1422	40 44
1449	1423	41 44
1450	1424	37 43
1451	1425	42 44
1452	1426	43 44
1453	1427	44 44
1454	1428	45 44
1455	1429	46 44
1456	1430	47 44
1457	1432	5 70
1458	1432	6 70
1459	1432	4 70
1460	1433	7 70
1461	1434	3 70
1462	1435	8 70
1463	1436	2 70
1464	1437	9 70
1465	1440	15 65
1466	1440	15 66
1467	1441	15 67
1468	1442	15 68
1469	1444	27 53
1470	1444	27 54
1471	1445	27 55
1472	1447	39 45
1473	1447	40 45
1474	1448	41 45
1475	1449	42 45
1476	1451	43 45
1477	1452	44 45
1478	1453	45 45
1479	1454	46 45
1480	1455	47 45
1481	1457	5 71
1482	1457	6 71
1483	1457	4 71
1484	1458	7 71
1485	1459	3 71
1486	1460	8 71
1487	1461	2 71
1488	1462	9 71
1489	1465	16 65
1490	1465	16 66
1491	1466	16 67
1492	1467	16 68
1493	1469	28 53
1494	1469	28 54
1495	1470	28 55
1496	1472	39 46
1497	1472	40 46
1498	1473	41 46
1499	1474	42 46
1500	1475	43 46
1501	1476	44 46
1502	1477	45 46
1503	1478	46 46
1504	1479	47 46
1505	1481	5 72
1506	1481	6 72
1507	1481	4 72
1508	1482	7 72
1509	1483	3 72
1510	1484	8 72
1511	1485	2 72
1512	1486	9 72
1513	1489	17 65
1514	1489	17 66
1515	1490	17 67
1516	1491	17 68
1517	1493	29 53
1518	1493	29 54
1519	1494	29 55
1520	1496	39 47
1521	1496	40 47
1522	1497	41 47
1523	1498	42 47
1524	1499	43 47
1525	1500	44 47
1526	1501	45 47
1527	1502	46 47
1528	1503	47 47
1529	1505	5 73
1530	1505	6 73
1531	1505	4 73
1532	1506	7 73
1533	1507	3 73
1534	1508	8 73
1535	1509	2 73
1536	1510	9 73
1537	1513	18 65
1538	1513	18 66
1539	1514	18 67
1540	1515	18 68
1541	1517	30 53
1542	1517	30 54
1543	1518	30 55
1544	1520	39 48
1545	1520	40 48
1546	1521	41 48
1547	1522	42 48
1548	1523	43 48
1549	1524	44 48
1550	1525	45 48
1551	1526	46 48
1552	1527	47 48
1553	1529	5 74
1554	1529	6 74
1555	1529	4 74
1556	1530	7 74
1557	1531	3 74
1558	1532	8 74
1559	1533	2 74
1560	1534	9 74
1561	1537	19 65
1562	1537	19 66
1563	1538	19 67
1564	1539	19 68
1565	1541	31 53
1566	1541	31 54
1567	1542	31 55
1568	1544	39 49
1569	1544	40 49
1570	1545	41 49
1571	1546	42 49
1572	1547	43 49
1573	1548	44 49
1574	1549	45 49
1575	1550	46 49
1576	1551	47 49
1577	1553	5 75
1578	1553	6 75
1579	1553	4 75
1580	1554	7 75
1581	1555	3 75
1582	1556	8 75
1583	1557	2 75
1584	1558	9 75
1585	1561	20 65
1586	1561	20 66
1587	1562	20 67
1588	1563	20 68
1589	1565	32 53
1590	1565	32 54
1591	1566	32 55
1592	1568	39 50
1593	1568	40 50
1594	1569	41 50
1595	1570	42 50
1596	1571	43 50
1597	1572	44 50
1598	1573	45 50
1599	1574	46 50
1600	1575	47 50
1601	1577	5 76
1602	1577	6 76
1603	1577	4 76
1604	1578	7 76
1605	1579	3 76
1606	1580	8 76
1607	1581	2 76
1608	1582	9 76
1609	1585	21 65
1610	1585	21 66
1611	1586	21 67
1612	1587	21 68
1613	1589	33 53
1614	1589	33 54
1615	1590	33 55
1616	1592	39 51
1617	1592	40 51
1618	1593	41 51
1619	1594	42 51
1620	1595	43 51
1621	1596	44 51
1622	1597	45 51
1623	1598	46 51
1624	1599	47 51
1625	1601	5 77
1626	1601	6 77
1627	1601	4 77
1628	1602	7 77
1629	1603	3 77
1630	1604	8 77
1631	1605	2 77
1632	1606	9 77
1633	1609	22 65
1634	1609	22 66
1635	1610	22 67
1636	1611	22 68
1637	1613	34 53
1638	1613	34 54
1639	1614	34 55
1640	1616	39 52
1641	1616	40 52
1642	1617	41 52
1643	1618	42 52
1644	1619	43 52
1645	1620	44 52
1646	1621	45 52
1647	1622	46 52
1648	1623	47 52
1649	1625	5 78
1650	1625	6 78
1651	1625	4 78
1652	1626	7 78
1653	1627	3 78
1654	1628	8 78
1655	1629	2 78
1656	1630	9 78
1657	1632	10 78
1658	1633	23 65
1659	1633	23 66
1660	1634	23 67
1661	1635	23 68
1662	1637	35 53
1663	1637	35 54
1664	1638	35 55
1665	1640	39 53
1666	1640	40 53
1667	1640	38 53
1668	1641	41 53
1669	1642	42 53
1670	1643	43 53
1671	1644	44 53
1672	1645	45 53
1673	1646	46 53
1674	1647	47 53
1675	1649	5 79
1676	1649	6 79
1677	1649	4 79
1678	1650	7 79
1679	1651	3 79
1680	1652	8 79
1681	1653	2 79
1682	1654	9 79
1683	1657	11 78
1684	1658	24 65
1685	1658	24 66
1686	1659	24 67
1687	1660	24 68
1688	1662	36 53
1689	1662	36 54
1690	1663	36 55
1691	1665	39 54
1692	1665	40 54
1693	1665	38 54
1694	1666	41 54
1695	1667	37 53
1696	1667	37 54
1697	1668	42 54
1698	1669	43 54
1699	1670	44 54
1700	1671	45 54
1701	1672	46 54
1702	1673	47 54
1703	1675	5 80
1704	1675	6 80
1705	1675	4 80
1706	1676	7 80
1707	1677	3 80
1708	1678	8 80
1709	1679	2 80
1710	1680	9 80
1711	1685	25 67
1712	1686	25 68
1713	1689	37 55
1714	1691	39 55
1715	1691	40 55
1716	1691	38 55
1717	1692	41 55
1718	1694	42 55
1719	1697	43 55
1720	1698	44 55
1721	1699	45 55
1722	1700	46 55
1723	1701	47 55
1724	1703	5 81
1725	1703	6 81
1726	1703	4 81
1727	1704	7 81
1728	1705	3 81
1729	1706	8 81
1730	1707	2 81
1731	1708	9 81
1732	1711	26 68
1733	1714	39 56
1734	1714	40 56
1735	1715	41 56
1736	1717	42 56
1737	1718	43 56
1738	1719	44 56
1739	1720	45 56
1740	1721	46 56
1741	1722	47 56
1742	1724	5 82
1743	1724	6 82
1744	1724	4 82
1745	1725	7 82
1746	1726	3 82
1747	1727	8 82
1748	1728	2 82
1749	1729	9 82
1750	1733	39 57
1751	1733	40 57
1752	1734	41 57
1753	1735	42 57
1754	1736	43 57
1755	1737	44 57
1756	1738	45 57
1757	1739	46 57
1758	1740	47 57
1759	1742	5 83
1760	1742	6 83
1761	1742	4 83
1762	1743	7 83
1763	1744	3 83
1764	1745	8 83
1765	1746	2 83
1766	1747	9 83
1767	1750	39 58
1768	1750	40 58
1769	1751	41 58
1770	1752	42 58
1771	1753	43 58
1772	1754	44 58
1773	1755	45 58
1774	1756	46 58
1775	1757	47 58
1776	1759	5 84
1777	1759	6 84
1778	1759	4 84
1779	1760	7 84
1780	1761	3 84
1781	1762	8 84
1782	1763	2 84
1783	1764	9 84
1784	1767	39 59
1785	1767	40 59
1786	1768	41 59
1787	1769	42 59
1788	1770	43 59
1789	1771	44 59
1790	1772	45 59
1791	1773	46 59
1792	1774	47 59
1793	1776	5 85
1794	1776	6 85
1795	1776	4 85
1796	1777	7 85
1797	1778	3 85
1798	1779	8 85
1799	1780	2 85
1800	1781	9 85
1801	1784	39 60
1802	1784	40 60
1803	1785	41 60
1804	1786	42 60
1805	1787	43 60
1806	1788	44 60
1807	1789	45 60
1808	1790	46 60
1809	1791	47 60
1810	1793	5 86
1811	1793	6 86
1812	1793	4 86
1813	1794	7 86
1814	1795	3 86
1815	1796	8 86
1816	1797	2 86
1817	1798	9 86
1818	1801	39 61
1819	1801	40 61
1820	1802	41 61
1821	1803	42 61
1822	1804	43 61
1823	1805	44 61
1824	1806	45 61
1825	1807	46 61
1826	1808	47 61
1827	1810	5 87
1828	1810	6 87
1829	1810	4 87
1830	1811	7 87
1831	1812	3 87
1832	1813	8 87
1833	1814	2 87
1834	1815	9 87
1835	1818	39 62
1836	1818	40 62
1837	1819	41 62
1838	1820	42 62
1839	1821	43 62
1840	1822	44 62
1841	1823	45 62
1842	1824	46 62
1843	1825	47 62
1844	1827	5 88
1845	1827	6 88
1846	1827	4 88
1847	1828	7 88
1848	1829	3 88
1849	1830	8 88
1850	1831	2 88
1851	1832	9 88
1852	1834	10 88
1853	1835	39 63
1854	1835	40 63
1855	1836	41 63
1856	1837	42 63
1857	1838	43 63
1858	1839	44 63
1859	1840	45 63
1860	1841	46 63
1861	1842	47 63
1862	1844	5 89
1863	1844	6 89
1864	1844	4 89
1865	1845	7 89
1866	1846	3 89
1867	1847	8 89
1868	1848	2 89
1869	1849	9 89
1870	1852	11 88
1871	1853	39 64
1872	1853	40 64
1873	1854	41 64
1874	1855	42 64
1875	1856	43 64
1876	1857	44 64
1877	1858	45 64
1878	1859	46 64
1879	1860	47 64
1880	1862	5 90
1881	1862	6 90
1882	1862	4 90
1883	1863	7 90
1884	1864	3 90
1885	1865	8 90
1886	1866	2 90
1887	1867	9 90
1888	1871	39 65
1889	1871	40 65
1890	1871	38 65
1891	1872	41 65
1892	1873	42 65
1893	1874	43 65
1894	1875	44 65
1895	1876	45 65
1896	1877	46 65
1897	1878	47 65
1898	1880	5 91
1899	1880	6 91
1900	1880	4 91
1901	1881	7 91
1902	1882	3 91
1903	1883	8 91
1904	1884	2 91
1905	1885	9 91
1906	1888	39 66
1907	1888	40 66
1908	1888	38 66
1909	1889	41 66
1910	1891	42 66
1911	1892	43 66
1912	1893	44 66
1913	1894	45 66
1914	1895	46 66
1915	1896	47 66
1916	1898	5 92
1917	1898	6 92
1918	1898	4 92
1919	1899	7 92
1920	1900	3 92
1921	1901	8 92
1922	1902	2 92
1923	1903	9 92
1924	1906	39 67
1925	1906	40 67
1926	1906	38 67
1927	1907	41 67
1928	1908	37 67
1929	1909	42 67
1930	1910	43 67
1931	1911	44 67
1932	1912	45 67
1933	1913	46 67
1934	1914	47 67
1935	1916	5 93
1936	1916	6 93
1937	1916	4 93
1938	1917	7 93
1939	1918	3 93
1940	1919	8 93
1941	1920	2 93
1942	1921	9 93
1943	1924	39 68
1944	1924	40 68
1945	1924	38 68
1946	1925	41 68
1947	1926	37 68
1948	1927	42 68
1949	1928	36 68
1950	1929	43 68
1951	1930	44 68
1952	1931	45 68
1953	1932	46 68
1954	1933	47 68
1955	1935	5 94
1956	1935	6 94
1957	1935	4 94
1958	1936	7 94
1959	1937	3 94
1960	1938	8 94
1961	1939	2 94
1962	1940	9 94
1963	1943	39 69
1964	1943	40 69
1965	1944	41 69
1966	1946	42 69
1967	1948	43 69
1968	1950	44 69
1969	1951	45 69
1970	1952	46 69
1971	1953	47 69
1972	1955	5 95
1973	1955	6 95
1974	1955	4 95
1975	1956	7 95
1976	1957	3 95
1977	1958	8 95
1978	1959	2 95
1979	1960	9 95
1980	1963	39 70
1981	1963	40 70
1982	1964	41 70
1983	1965	42 70
1984	1966	43 70
1985	1967	44 70
1986	1968	45 70
1987	1969	46 70
1988	1970	47 70
1989	1972	5 96
1990	1972	6 96
1991	1972	4 96
1992	1973	7 96
1993	1974	3 96
1994	1975	8 96
1995	1976	2 96
1996	1977	9 96
1997	1980	39 71
1998	1980	40 71
1999	1981	41 71
2000	1982	42 71
2001	1983	43 71
2002	1984	44 71
2003	1985	45 71
2004	1986	46 71
2005	1987	47 71
2006	1989	5 97
2007	1989	6 97
2008	1989	4 97
2009	1990	7 97
2010	1991	3 97
2011	1992	8 97
2012	1993	2 97
2013	1994	9 97
2014	1997	39 72
2015	1997	40 72
2016	1998	41 72
2017	1999	42 72
2018	2000	43 72
2019	2001	44 72
2020	2002	45 72
2021	2003	46 72
2022	2004	47 72
2023	2006	5 98
2024	2006	6 98
2025	2006	4 98
2026	2007	7 98
2027	2008	3 98
2028	2009	8 98
2029	2010	2 98
2030	2011	9 98
2031	2013	10 98
2032	2014	39 73
2033	2014	40 73
2034	2015	41 73
2035	2016	42 73
2036	2017	43 73
2037	2018	44 73
2038	2019	45 73
2039	2020	46 73
2040	2021	47 73
2041	2023	5 99
2042	2023	6 99
2043	2023	4 99
2044	2024	7 99
2045	2025	3 99
2046	2026	8 99
2047	2027	2 99
2048	2028	9 99
2049	2030	10 99
2050	2031	11 98
2051	2031	11 99
2052	2032	39 74
2053	2032	40 74
2054	2033	41 74
2055	2034	42 74
2056	2035	43 74
2057	2036	44 74
2058	2037	45 74
2059	2038	46 74
2060	2039	47 74
2061	2041	5 100
2062	2041	6 100
2063	2041	4 100
2064	2042	7 100
2065	2043	3 100
2066	2044	8 100
2067	2045	2 100
2068	2046	9 100
2069	2048	10 100
2070	2049	11 100
2071	2050	12 98
2072	2050	12 99
2073	2051	12 100
2074	2052	39 75
2075	2052	40 75
2076	2053	41 75
2077	2054	42 75
2078	2055	43 75
2079	2056	44 75
2080	2057	45 75
2081	2058	46 75
2082	2059	47 75
2083	2061	5 101
2084	2061	6 101
2085	2061	4 101
2086	2062	7 101
2087	2063	3 101
2088	2064	8 101
2089	2065	2 101
2090	2066	9 101
2091	2068	10 101
2092	2069	11 101
2093	2070	12 101
2094	2071	13 98
2095	2071	13 99
2096	2072	13 100
2097	2073	13 101
2098	2074	39 76
2099	2074	40 76
2100	2075	41 76
2101	2076	42 76
2102	2077	43 76
2103	2078	44 76
2104	2079	45 76
2105	2080	46 76
2106	2081	47 76
2107	2083	5 102
2108	2083	6 102
2109	2083	4 102
2110	2084	7 102
2111	2085	3 102
2112	2086	8 102
2113	2087	2 102
2114	2088	9 102
2115	2090	10 102
2116	2091	11 102
2117	2092	12 102
2118	2094	14 98
2119	2094	14 99
2120	2095	14 100
2121	2098	39 77
2122	2098	40 77
2123	2099	41 77
2124	2100	42 77
2125	2101	43 77
2126	2102	44 77
2127	2103	45 77
2128	2104	46 77
2129	2105	47 77
2130	2107	5 103
2131	2107	6 103
2132	2107	4 103
2133	2108	7 103
2134	2109	3 103
2135	2110	8 103
2136	2111	2 103
2137	2112	9 103
2138	2114	10 103
2139	2115	11 103
2140	2118	15 98
2141	2118	15 99
2142	2119	15 100
2143	2121	39 78
2144	2121	40 78
2145	2122	41 78
2146	2123	42 78
2147	2124	43 78
2148	2125	44 78
2149	2126	45 78
2150	2127	46 78
2151	2128	47 78
2152	2130	5 104
2153	2130	6 104
2154	2130	4 104
2155	2131	7 104
2156	2132	3 104
2157	2133	8 104
2158	2134	2 104
2159	2135	9 104
2160	2137	10 104
2161	2140	16 98
2162	2140	16 99
2163	2143	39 79
2164	2143	40 79
2165	2143	38 79
2166	2144	41 79
2167	2145	42 79
2168	2146	43 79
2169	2147	44 79
2170	2148	45 79
2171	2149	46 79
2172	2150	47 79
2173	2152	5 105
2174	2152	6 105
2175	2152	4 105
2176	2153	7 105
2177	2154	3 105
2178	2155	8 105
2179	2156	2 105
2180	2157	9 105
2181	2159	10 105
2182	2161	17 98
2183	2161	17 99
2184	2163	39 80
2185	2163	40 80
2186	2163	38 80
2187	2164	41 80
2188	2165	37 79
2189	2165	37 80
2190	2166	42 80
2191	2167	43 80
2192	2168	44 80
2193	2169	45 80
2194	2170	46 80
2195	2171	47 80
2196	2173	5 106
2197	2173	6 106
2198	2173	4 106
2199	2174	7 106
2200	2175	3 106
2201	2176	8 106
2202	2177	2 106
2203	2178	9 106
2204	2182	18 98
2205	2182	18 99
2206	2184	39 81
2207	2184	40 81
2208	2184	38 81
2209	2185	41 81
2210	2186	37 81
2211	2187	42 81
2212	2188	36 79
2213	2188	36 80
2214	2189	36 81
2215	2190	43 81
2216	2191	44 81
2217	2192	45 81
2218	2193	46 81
2219	2194	47 81
2220	2196	5 107
2221	2196	6 107
2222	2196	4 107
2223	2197	7 107
2224	2198	3 107
2225	2199	8 107
2226	2200	2 107
2227	2201	9 107
2228	2204	19 98
2229	2206	39 82
2230	2206	40 82
2231	2206	38 82
2232	2207	41 82
2233	2208	37 82
2234	2209	42 82
2235	2210	36 82
2236	2211	43 82
2237	2212	35 80
2238	2213	35 81
2239	2214	35 82
2240	2215	44 82
2241	2216	45 82
2242	2217	46 82
2243	2218	47 82
2244	2220	5 108
2245	2220	6 108
2246	2220	4 108
2247	2221	7 108
2248	2222	3 108
2249	2223	8 108
2250	2224	2 108
2251	2225	9 108
2252	2228	20 98
2253	2229	39 83
2254	2229	40 83
2255	2229	38 83
2256	2230	41 83
2257	2231	37 83
2258	2232	42 83
2259	2233	36 83
2260	2234	43 83
2261	2235	35 83
2262	2236	44 83
2263	2237	34 80
2264	2237	34 81
2265	2238	34 82
2266	2239	34 83
2267	2240	45 83
2268	2241	46 83
2269	2242	47 83
2270	2244	5 109
2271	2244	6 109
2272	2244	4 109
2273	2245	7 109
2274	2246	3 109
2275	2247	8 109
2276	2248	2 109
2277	2249	9 109
2278	2252	21 98
2279	2253	39 84
2280	2253	40 84
2281	2253	38 84
2282	2254	41 84
2283	2255	37 84
2284	2256	42 84
2285	2257	36 84
2286	2258	43 84
2287	2259	35 84
2288	2260	44 84
2289	2261	34 84
2290	2262	45 84
2291	2263	33 80
2292	2263	33 81
2293	2264	33 82
2294	2265	33 83
2295	2266	33 84
2296	2267	46 84
2297	2268	47 84
2298	2270	5 110
2299	2270	6 110
2300	2270	4 110
2301	2271	7 110
2302	2272	3 110
2303	2273	8 110
2304	2274	2 110
2305	2278	22 98
2306	2279	39 85
2307	2279	40 85
2308	2279	38 85
2309	2280	41 85
2310	2281	37 85
2311	2282	42 85
2312	2283	36 85
2313	2284	43 85
2314	2285	35 85
2315	2286	44 85
2316	2287	34 85
2317	2288	45 85
2318	2289	33 85
2319	2290	46 85
2320	2291	32 81
2321	2292	32 82
2322	2293	32 83
2323	2294	32 84
2324	2295	32 85
2325	2296	47 85
2326	2298	5 111
2327	2298	6 111
2328	2298	4 111
2329	2299	7 111
2330	2300	3 111
2331	2301	8 111
2332	2302	2 111
2333	2303	9 111
2334	2305	23 98
2335	2306	39 86
2336	2306	40 86
2337	2306	38 86
2338	2307	41 86
2339	2308	37 86
2340	2309	42 86
2341	2310	36 86
2342	2311	43 86
2343	2312	35 86
2344	2313	44 86
2345	2314	34 86
2346	2315	45 86
2347	2316	33 86
2348	2317	46 86
2349	2318	32 86
2350	2319	47 86
2351	2320	31 81
2352	2320	31 82
2353	2321	31 83
2354	2322	31 84
2355	2323	31 85
2356	2326	5 112
2357	2326	6 112
2358	2326	4 112
2359	2327	7 112
2360	2328	3 112
2361	2329	8 112
2362	2330	2 112
2363	2331	9 112
2364	2334	24 98
2365	2335	39 87
2366	2335	40 87
2367	2335	38 87
2368	2336	41 87
2369	2337	37 87
2370	2338	42 87
2371	2339	36 87
2372	2340	43 87
2373	2341	35 87
2374	2342	44 87
2375	2343	34 87
2376	2344	45 87
2377	2346	46 87
2378	2348	47 87
2379	2351	30 81
2380	2351	30 82
2381	2352	30 83
2382	2353	30 84
2383	2354	30 85
